energy	p2	p2	p3
0.00150301	0.0677738	0.00813937	0.0000685400
0.0300601	0.593801	0.144836	0.00165908
0.0601202	0.746211	0.259372	0.00407498
0.0901804	0.816023	0.352001	0.00754283
0.120240	0.856065	0.428288	0.0124719
0.150301	0.882030	0.492063	0.0194294
0.180361	0.900232	0.546055	0.0291985
0.210421	0.913698	0.592254	0.0428532
0.240481	0.924062	0.632150	0.0618459
0.270541	0.932286	0.666878	0.0880919
0.300601	0.938970	0.697318	0.124011
0.330661	0.944509	0.724166	0.172438
0.360721	0.949174	0.747973	0.236247
0.390782	0.953156	0.769187	0.317504
0.420842	0.956594	0.788173	0.416076
0.450902	0.959593	0.805231	0.528049
0.480962	0.962232	0.820613	0.645039
0.511022	0.964572	0.834527	0.755662
0.541082	0.966660	0.847151	0.849155
0.571142	0.968536	0.858634	0.919083
0.601202	0.970229	0.869107	0.964695
0.631263	0.971766	0.878678	0.989572
0.661323	0.973166	0.887444	0.999185
0.691383	0.974447	0.895489	0.998919
0.721443	0.975624	0.902884	0.993105
0.751503	0.976709	0.909692	0.984816
0.781563	0.977712	0.915971	0.976042
0.811623	0.978641	0.921769	0.967967
0.841683	0.979506	0.927131	0.961222
0.871743	0.980311	0.932094	0.956080
0.901804	0.981064	0.936694	0.952593
0.931864	0.981769	0.940962	0.950680
0.961924	0.982430	0.944925	0.950187
0.991984	0.983051	0.948609	0.950921
1.02204	0.983636	0.952036	0.952676
1.05210	0.984188	0.955227	0.955244
1.08216	0.984709	0.958199	0.958428
1.11222	0.985202	0.960971	0.962043
1.14228	0.985670	0.963556	0.965922
1.17234	0.986113	0.965969	0.969918
1.20240	0.986534	0.968222	0.973904
1.23246	0.986935	0.970328	0.977775
1.26253	0.987317	0.972296	0.981444
1.29259	0.987680	0.974136	0.984845
1.32265	0.988027	0.975858	0.987928
1.35271	0.988359	0.977468	0.990661
1.38277	0.988676	0.978976	0.993026
1.41283	0.988980	0.980388	0.995020
1.44289	0.989270	0.981710	0.996646
1.47295	0.989549	0.982948	0.997920
1.50301	0.989816	0.984107	0.998864
1.53307	0.990073	0.985194	0.999505
1.56313	0.990320	0.986212	0.999872
1.59319	0.990557	0.987166	0.999999
1.62325	0.990785	0.988059	0.999920
1.65331	0.991005	0.988897	0.999667
1.68337	0.991217	0.989682	0.999275
1.71343	0.991421	0.990417	0.998773
1.74349	0.991618	0.991105	0.998192
1.77355	0.991809	0.991750	0.997558
1.80361	0.991992	0.992354	0.996896
1.83367	0.992170	0.992920	0.996227
1.86373	0.992342	0.993449	0.995569
1.89379	0.992508	0.993945	0.994939
1.92385	0.992668	0.994408	0.994350
1.95391	0.992824	0.994842	0.993812
1.98397	0.992974	0.995247	0.993334
2.01403	0.993121	0.995625	0.992922
2.04409	0.993262	0.995979	0.992580
2.07415	0.993399	0.996309	0.992310
2.10421	0.993533	0.996617	0.992113
2.13427	0.993662	0.996904	0.991989
2.16433	0.993788	0.997171	0.991935
2.19439	0.993910	0.997420	0.991948
2.22445	0.994028	0.997652	0.992025
2.25451	0.994143	0.997867	0.992161
2.28457	0.994256	0.998066	0.992350
2.31463	0.994365	0.998252	0.992588
2.34469	0.994471	0.998423	0.992869
2.37475	0.994574	0.998582	0.993186
2.40481	0.994674	0.998728	0.993534
2.43487	0.994772	0.998864	0.993906
2.46493	0.994868	0.998988	0.994297
2.49499	0.994961	0.999103	0.994702
2.52505	0.995051	0.999208	0.995114
2.55511	0.995139	0.999304	0.995529
2.58517	0.995226	0.999391	0.995942
2.61523	0.995310	0.999471	0.996349
2.64529	0.995392	0.999543	0.996745
2.67535	0.995472	0.999609	0.997127
2.70541	0.995550	0.999668	0.997492
2.73547	0.995626	0.999721	0.997837
2.76553	0.995701	0.999768	0.998160
2.79559	0.995773	0.999810	0.998459
2.82565	0.995844	0.999846	0.998732
2.85571	0.995914	0.999878	0.998979
2.88577	0.995982	0.999906	0.999199
2.91583	0.996048	0.999929	0.999391
2.94589	0.996113	0.999949	0.999556
2.97595	0.996177	0.999965	0.999694
3.00601	0.996239	0.999978	0.999804
3.03607	0.996300	0.999988	0.999889
3.06613	0.996359	0.999994	0.999949
3.09619	0.996417	0.999998	0.999986
3.12625	0.996474	1.00000	1.00000
3.15631	0.996530	0.999999	0.999993
3.18637	0.996585	0.999996	0.999967
3.21643	0.996638	0.999992	0.999924
3.24649	0.996691	0.999985	0.999865
3.27655	0.996742	0.999977	0.999792
3.30661	0.996792	0.999967	0.999708
3.33667	0.996842	0.999955	0.999613
3.36673	0.996890	0.999943	0.999509
3.39679	0.996937	0.999929	0.999399
3.42685	0.996984	0.999914	0.999284
3.45691	0.997029	0.999899	0.999166
3.48697	0.997074	0.999882	0.999045
3.51703	0.997118	0.999865	0.998925
3.54709	0.997161	0.999847	0.998806
3.57715	0.997203	0.999828	0.998689
3.60721	0.997244	0.999809	0.998575
3.63727	0.997285	0.999790	0.998466
3.66733	0.997325	0.999770	0.998363
3.69739	0.997364	0.999750	0.998266
3.72745	0.997402	0.999730	0.998177
3.75752	0.997440	0.999709	0.998095
3.78758	0.997477	0.999688	0.998022
3.81764	0.997513	0.999668	0.997957
3.84770	0.997549	0.999647	0.997901
3.87776	0.997584	0.999626	0.997855
3.90782	0.997619	0.999605	0.997819
3.93788	0.997653	0.999584	0.997791
3.96794	0.997686	0.999564	0.997773
3.99800	0.997719	0.999543	0.997765
4.02806	0.997751	0.999523	0.997766
4.05812	0.997782	0.999503	0.997775
4.08818	0.997813	0.999484	0.997793
4.11824	0.997844	0.999464	0.997820
4.14830	0.997874	0.999445	0.997854
4.17836	0.997903	0.999426	0.997895
4.20842	0.997932	0.999407	0.997943
4.23848	0.997961	0.999389	0.997997
4.26854	0.997989	0.999371	0.998058
4.29860	0.998016	0.999354	0.998123
4.32866	0.998043	0.999337	0.998193
4.35872	0.998070	0.999320	0.998266
4.38878	0.998096	0.999304	0.998344
4.41884	0.998122	0.999288	0.998424
4.44890	0.998148	0.999272	0.998506
4.47896	0.998173	0.999257	0.998589
4.50902	0.998197	0.999243	0.998674
4.53908	0.998221	0.999229	0.998760
4.56914	0.998245	0.999215	0.998845
4.59920	0.998269	0.999202	0.998930
4.62926	0.998292	0.999189	0.999013
4.65932	0.998314	0.999177	0.999095
4.68938	0.998337	0.999165	0.999176
4.71944	0.998359	0.999154	0.999254
4.74950	0.998381	0.999143	0.999329
4.77956	0.998402	0.999132	0.999401
4.80962	0.998423	0.999123	0.999470
4.83968	0.998444	0.999113	0.999535
4.86974	0.998464	0.999104	0.999597
4.89980	0.998484	0.999095	0.999654
4.92986	0.998504	0.999087	0.999708
4.95992	0.998523	0.999080	0.999757
4.98998	0.998543	0.999072	0.999801
5.02004	0.998562	0.999066	0.999841
5.05010	0.998580	0.999059	0.999876
5.08016	0.998599	0.999054	0.999907
5.11022	0.998617	0.999048	0.999934
5.14028	0.998635	0.999043	0.999955
5.17034	0.998652	0.999038	0.999973
5.20040	0.998669	0.999034	0.999986
5.23046	0.998687	0.999030	0.999994
5.26052	0.998703	0.999027	0.999999
5.29058	0.998720	0.999024	1.00000
5.32064	0.998736	0.999022	0.999997
5.35070	0.998752	0.999019	0.999990
5.38076	0.998768	0.999018	0.999980
5.41082	0.998784	0.999016	0.999967
5.44088	0.998799	0.999015	0.999950
5.47094	0.998815	0.999014	0.999931
5.50100	0.998830	0.999014	0.999910
5.53106	0.998844	0.999014	0.999886
5.56112	0.998859	0.999014	0.999860
5.59118	0.998873	0.999015	0.999832
5.62124	0.998888	0.999016	0.999803
5.65130	0.998902	0.999017	0.999773
5.68136	0.998915	0.999019	0.999741
5.71142	0.998929	0.999021	0.999709
5.74148	0.998943	0.999023	0.999676
5.77154	0.998956	0.999025	0.999642
5.80160	0.998969	0.999028	0.999609
5.83166	0.998982	0.999031	0.999575
5.86172	0.998994	0.999034	0.999542
5.89178	0.999007	0.999038	0.999510
5.92184	0.999019	0.999042	0.999478
5.95190	0.999032	0.999046	0.999446
5.98196	0.999044	0.999050	0.999416
6.01202	0.999056	0.999055	0.999387
6.04208	0.999067	0.999059	0.999360
6.07214	0.999079	0.999064	0.999333
6.10220	0.999090	0.999069	0.999309
6.13226	0.999102	0.999075	0.999286
6.16232	0.999113	0.999080	0.999265
6.19238	0.999124	0.999086	0.999245
6.22244	0.999134	0.999092	0.999228
6.25251	0.999145	0.999098	0.999212
6.28257	0.999156	0.999105	0.999198
6.31263	0.999166	0.999111	0.999187
6.34269	0.999176	0.999118	0.999178
6.37275	0.999187	0.999124	0.999170
6.40281	0.999197	0.999131	0.999165
6.43287	0.999206	0.999138	0.999162
6.46293	0.999216	0.999146	0.999160
6.49299	0.999226	0.999153	0.999161
6.52305	0.999235	0.999160	0.999164
6.55311	0.999245	0.999168	0.999169
6.58317	0.999254	0.999176	0.999176
6.61323	0.999263	0.999183	0.999184
6.64329	0.999272	0.999191	0.999194
6.67335	0.999281	0.999199	0.999206
6.70341	0.999290	0.999207	0.999220
6.73347	0.999299	0.999215	0.999235
6.76353	0.999307	0.999224	0.999251
6.79359	0.999316	0.999232	0.999269
6.82365	0.999324	0.999240	0.999288
6.85371	0.999332	0.999249	0.999308
6.88377	0.999341	0.999257	0.999329
6.91383	0.999349	0.999266	0.999351
6.94389	0.999357	0.999274	0.999374
6.97395	0.999364	0.999283	0.999397
7.00401	0.999372	0.999292	0.999421
7.03407	0.999380	0.999300	0.999446
7.06413	0.999387	0.999309	0.999471
7.09419	0.999395	0.999318	0.999496
7.12425	0.999402	0.999327	0.999522
7.15431	0.999410	0.999335	0.999547
7.18437	0.999417	0.999344	0.999573
7.21443	0.999424	0.999353	0.999598
7.24449	0.999431	0.999362	0.999624
7.27455	0.999438	0.999371	0.999649
7.30461	0.999445	0.999380	0.999673
7.33467	0.999452	0.999389	0.999697
7.36473	0.999458	0.999397	0.999721
7.39479	0.999465	0.999406	0.999743
7.42485	0.999471	0.999415	0.999766
7.45491	0.999478	0.999424	0.999787
7.48497	0.999484	0.999433	0.999808
7.51503	0.999491	0.999442	0.999827
7.54509	0.999497	0.999450	0.999846
7.57515	0.999503	0.999459	0.999864
7.60521	0.999509	0.999468	0.999881
7.63527	0.999515	0.999476	0.999897
7.66533	0.999521	0.999485	0.999912
7.69539	0.999527	0.999494	0.999925
7.72545	0.999533	0.999502	0.999938
7.75551	0.999538	0.999511	0.999949
7.78557	0.999544	0.999519	0.999959
7.81563	0.999550	0.999528	0.999968
7.84569	0.999555	0.999536	0.999976
7.87575	0.999561	0.999544	0.999983
7.90581	0.999566	0.999553	0.999989
7.93587	0.999571	0.999561	0.999993
7.96593	0.999577	0.999569	0.999996
7.99599	0.999582	0.999577	0.999999
8.02605	0.999587	0.999585	1.00000
8.05611	0.999592	0.999593	1.00000
8.08617	0.999597	0.999601	0.999999
8.11623	0.999602	0.999609	0.999997
8.14629	0.999607	0.999617	0.999994
8.17635	0.999612	0.999625	0.999991
8.20641	0.999617	0.999632	0.999986
8.23647	0.999621	0.999640	0.999980
8.26653	0.999626	0.999647	0.999974
8.29659	0.999631	0.999655	0.999967
8.32665	0.999635	0.999662	0.999959
8.35671	0.999640	0.999669	0.999951
8.38677	0.999644	0.999677	0.999942
8.41683	0.999649	0.999684	0.999933
8.44689	0.999653	0.999691	0.999923
8.47695	0.999657	0.999698	0.999912
8.50701	0.999662	0.999705	0.999902
8.53707	0.999666	0.999712	0.999890
8.56713	0.999670	0.999718	0.999879
8.59719	0.999674	0.999725	0.999867
8.62725	0.999678	0.999732	0.999855
8.65731	0.999682	0.999738	0.999844
8.68737	0.999686	0.999745	0.999831
8.71743	0.999690	0.999751	0.999819
8.74749	0.999694	0.999757	0.999807
8.77756	0.999698	0.999763	0.999795
8.80762	0.999701	0.999769	0.999784
8.83768	0.999705	0.999775	0.999772
8.86774	0.999709	0.999781	0.999760
8.89780	0.999713	0.999787	0.999749
8.92786	0.999716	0.999793	0.999738
8.95792	0.999720	0.999799	0.999727
8.98798	0.999723	0.999804	0.999717
9.01804	0.999727	0.999810	0.999707
9.04810	0.999730	0.999815	0.999698
9.07816	0.999734	0.999820	0.999689
9.10822	0.999737	0.999826	0.999680
9.13828	0.999740	0.999831	0.999672
9.16834	0.999744	0.999836	0.999664
9.19840	0.999747	0.999841	0.999657
9.22846	0.999750	0.999846	0.999651
9.25852	0.999753	0.999850	0.999645
9.28858	0.999756	0.999855	0.999640
9.31864	0.999760	0.999860	0.999635
9.34870	0.999763	0.999864	0.999631
9.37876	0.999766	0.999869	0.999627
9.40882	0.999769	0.999873	0.999624
9.43888	0.999772	0.999877	0.999622
9.46894	0.999775	0.999882	0.999620
9.49900	0.999777	0.999886	0.999619
9.52906	0.999780	0.999890	0.999619
9.55912	0.999783	0.999894	0.999619
9.58918	0.999786	0.999898	0.999620
9.61924	0.999789	0.999901	0.999621
9.64930	0.999792	0.999905	0.999623
9.67936	0.999794	0.999909	0.999626
9.70942	0.999797	0.999912	0.999629
9.73948	0.999800	0.999916	0.999632
9.76954	0.999802	0.999919	0.999637
9.79960	0.999805	0.999922	0.999641
9.82966	0.999807	0.999925	0.999646
9.85972	0.999810	0.999929	0.999652
9.88978	0.999812	0.999932	0.999658
9.91984	0.999815	0.999935	0.999664
9.94990	0.999817	0.999938	0.999671
9.97996	0.999820	0.999940	0.999678
10.0100	0.999822	0.999943	0.999686
10.0401	0.999824	0.999946	0.999694
10.0701	0.999827	0.999948	0.999702
10.1002	0.999829	0.999951	0.999711
10.1303	0.999831	0.999953	0.999719
10.1603	0.999834	0.999956	0.999728
10.1904	0.999836	0.999958	0.999737
10.2204	0.999838	0.999960	0.999747
10.2505	0.999840	0.999962	0.999756
10.2806	0.999842	0.999965	0.999765
10.3106	0.999844	0.999967	0.999775
10.3407	0.999846	0.999969	0.999785
10.3707	0.999849	0.999970	0.999794
10.4008	0.999851	0.999972	0.999804
10.4309	0.999853	0.999974	0.999814
10.4609	0.999855	0.999976	0.999823
10.4910	0.999857	0.999977	0.999833
10.5210	0.999859	0.999979	0.999842
10.5511	0.999860	0.999980	0.999851
10.5812	0.999862	0.999982	0.999861
10.6112	0.999864	0.999983	0.999870
10.6413	0.999866	0.999984	0.999878
10.6713	0.999868	0.999986	0.999887
10.7014	0.999870	0.999987	0.999895
10.7315	0.999872	0.999988	0.999904
10.7615	0.999873	0.999989	0.999911
10.7916	0.999875	0.999990	0.999919
10.8216	0.999877	0.999991	0.999926
10.8517	0.999879	0.999992	0.999934
10.8818	0.999880	0.999993	0.999940
10.9118	0.999882	0.999994	0.999947
10.9419	0.999884	0.999994	0.999953
10.9719	0.999885	0.999995	0.999958
11.0020	0.999887	0.999996	0.999964
11.0321	0.999888	0.999996	0.999969
11.0621	0.999890	0.999997	0.999973
11.0922	0.999892	0.999997	0.999978
11.1222	0.999893	0.999998	0.999982
11.1523	0.999895	0.999998	0.999985
11.1824	0.999896	0.999999	0.999988
11.2124	0.999898	0.999999	0.999991
11.2425	0.999899	0.999999	0.999993
11.2725	0.999901	0.999999	0.999996
11.3026	0.999902	1.00000	0.999997
11.3327	0.999903	1.00000	0.999998
11.3627	0.999905	1.00000	0.999999
11.3928	0.999906	1.00000	1.00000
11.4228	0.999908	1.00000	1.00000
11.4529	0.999909	1.00000	1.00000
11.4830	0.999910	1.00000	0.999999
11.5130	0.999912	1.00000	0.999998
11.5431	0.999913	1.00000	0.999997
11.5731	0.999914	1.00000	0.999996
11.6032	0.999916	0.999999	0.999994
11.6333	0.999917	0.999999	0.999992
11.6633	0.999918	0.999999	0.999989
11.6934	0.999919	0.999999	0.999987
11.7234	0.999920	0.999998	0.999984
11.7535	0.999922	0.999998	0.999981
11.7836	0.999923	0.999997	0.999977
11.8136	0.999924	0.999997	0.999974
11.8437	0.999925	0.999997	0.999970
11.8737	0.999926	0.999996	0.999966
11.9038	0.999927	0.999996	0.999962
11.9339	0.999929	0.999995	0.999957
11.9639	0.999930	0.999994	0.999953
11.9940	0.999931	0.999994	0.999948
12.0240	0.999932	0.999993	0.999943
12.0541	0.999933	0.999993	0.999939
12.0842	0.999934	0.999992	0.999934
12.1142	0.999935	0.999991	0.999929
12.1443	0.999936	0.999991	0.999924
12.1743	0.999937	0.999990	0.999918
12.2044	0.999938	0.999989	0.999913
12.2345	0.999939	0.999988	0.999908
12.2645	0.999940	0.999987	0.999903
12.2946	0.999941	0.999987	0.999898
12.3246	0.999942	0.999986	0.999893
12.3547	0.999943	0.999985	0.999888
12.3848	0.999944	0.999984	0.999883
12.4148	0.999945	0.999983	0.999878
12.4449	0.999946	0.999982	0.999873
12.4749	0.999946	0.999981	0.999868
12.5050	0.999947	0.999981	0.999863
12.5351	0.999948	0.999980	0.999859
12.5651	0.999949	0.999979	0.999854
12.5952	0.999950	0.999978	0.999850
12.6253	0.999951	0.999977	0.999846
12.6553	0.999952	0.999976	0.999842
12.6854	0.999952	0.999975	0.999838
12.7154	0.999953	0.999974	0.999834
12.7455	0.999954	0.999973	0.999831
12.7756	0.999955	0.999972	0.999827
12.8056	0.999956	0.999971	0.999824
12.8357	0.999956	0.999970	0.999821
12.8657	0.999957	0.999969	0.999819
12.8958	0.999958	0.999967	0.999816
12.9259	0.999959	0.999966	0.999814
12.9559	0.999959	0.999965	0.999812
12.9860	0.999960	0.999964	0.999810
13.0160	0.999961	0.999963	0.999808
13.0461	0.999961	0.999962	0.999807
13.0762	0.999962	0.999961	0.999806
13.1062	0.999963	0.999960	0.999805
13.1363	0.999963	0.999959	0.999804
13.1663	0.999964	0.999958	0.999804
13.1964	0.999965	0.999957	0.999803
13.2265	0.999965	0.999955	0.999803
13.2565	0.999966	0.999954	0.999803
13.2866	0.999967	0.999953	0.999804
13.3166	0.999967	0.999952	0.999804
13.3467	0.999968	0.999951	0.999805
13.3768	0.999968	0.999950	0.999806
13.4068	0.999969	0.999949	0.999807
13.4369	0.999970	0.999948	0.999809
13.4669	0.999970	0.999947	0.999810
13.4970	0.999971	0.999946	0.999812
13.5271	0.999971	0.999944	0.999814
13.5571	0.999972	0.999943	0.999817
13.5872	0.999972	0.999942	0.999819
13.6172	0.999973	0.999941	0.999821
13.6473	0.999973	0.999940	0.999824
13.6774	0.999974	0.999939	0.999827
13.7074	0.999974	0.999938	0.999830
13.7375	0.999975	0.999937	0.999833
13.7675	0.999976	0.999936	0.999836
13.7976	0.999976	0.999935	0.999840
13.8277	0.999976	0.999934	0.999843
13.8577	0.999977	0.999933	0.999847
13.8878	0.999977	0.999931	0.999851
13.9178	0.999978	0.999930	0.999855
13.9479	0.999978	0.999929	0.999859
13.9780	0.999979	0.999928	0.999863
14.0080	0.999979	0.999927	0.999867
14.0381	0.999980	0.999926	0.999871
14.0681	0.999980	0.999925	0.999875
14.0982	0.999981	0.999924	0.999879
14.1283	0.999981	0.999923	0.999883
14.1583	0.999981	0.999922	0.999888
14.1884	0.999982	0.999921	0.999892
14.2184	0.999982	0.999920	0.999896
14.2485	0.999983	0.999919	0.999900
14.2786	0.999983	0.999918	0.999905
14.3086	0.999983	0.999918	0.999909
14.3387	0.999984	0.999917	0.999913
14.3687	0.999984	0.999916	0.999917
14.3988	0.999984	0.999915	0.999921
14.4289	0.999985	0.999914	0.999926
14.4589	0.999985	0.999913	0.999930
14.4890	0.999985	0.999912	0.999934
14.5190	0.999986	0.999911	0.999938
14.5491	0.999986	0.999910	0.999941
14.5792	0.999986	0.999910	0.999945
14.6092	0.999987	0.999909	0.999949
14.6393	0.999987	0.999908	0.999952
14.6693	0.999987	0.999907	0.999956
14.6994	0.999988	0.999906	0.999959
14.7295	0.999988	0.999905	0.999962
14.7595	0.999988	0.999905	0.999966
14.7896	0.999989	0.999904	0.999969
14.8196	0.999989	0.999903	0.999971
14.8497	0.999989	0.999902	0.999974
14.8798	0.999990	0.999902	0.999977
14.9098	0.999990	0.999901	0.999979
14.9399	0.999990	0.999900	0.999982
14.9699	0.999990	0.999900	0.999984
15.0000	0.999991	0.999899	0.999986