energy	short	medium	long	Llong
0.00301205	0.00654867	0.000544189	0.00000318029	1.06140e-10
0.0602410	0.116607	0.0108519	0.0000658377	2.33135e-9
0.120482	0.209072	0.0216360	0.000136563	5.14875e-9
0.180723	0.284190	0.0323513	0.000212478	8.53278e-9
0.240964	0.346423	0.0429970	0.000293906	1.25766e-8
0.301205	0.398825	0.0535722	0.000381187	1.73881e-8
0.361446	0.443554	0.0640760	0.000474685	2.30916e-8
0.421687	0.482180	0.0745076	0.000574783	2.98314e-8
0.481928	0.515873	0.0848664	0.000681891	3.77739e-8
0.542169	0.545521	0.0951515	0.000796443	4.71119e-8
0.602410	0.571811	0.105362	0.000918900	5.80681e-8
0.662651	0.595282	0.115498	0.00104975	7.09005e-8
0.722892	0.616366	0.125559	0.00118952	8.59073e-8
0.783133	0.635408	0.135543	0.00133875	1.03434e-7
0.843373	0.652691	0.145451	0.00149804	1.23881e-7
0.903614	0.668449	0.155282	0.00166800	1.47711e-7
0.963855	0.682874	0.165035	0.00184931	1.75462e-7
1.02410	0.696129	0.174711	0.00204267	2.07756e-7
1.08434	0.708350	0.184308	0.00224883	2.45317e-7
1.14458	0.719654	0.193827	0.00246859	2.88984e-7
1.20482	0.730141	0.203266	0.00270279	3.39731e-7
1.26506	0.739895	0.212627	0.00295235	3.98691e-7
1.32530	0.748991	0.221908	0.00321821	4.67183e-7
1.38554	0.757494	0.231110	0.00350141	5.46741e-7
1.44578	0.765459	0.240232	0.00380304	6.39150e-7
1.50602	0.772936	0.249274	0.00412425	7.46496e-7
1.56627	0.779969	0.258236	0.00446628	8.71207e-7
1.62651	0.786595	0.267118	0.00483044	0.00000101612
1.68675	0.792850	0.275920	0.00521814	0.00000118456
1.74699	0.798763	0.284642	0.00563087	0.00000138041
1.80723	0.804362	0.293283	0.00607022	0.00000160821
1.86747	0.809670	0.301844	0.00653788	0.00000187329
1.92771	0.814711	0.310326	0.00703566	0.00000218192
1.98795	0.819504	0.318727	0.00756549	0.00000254144
2.04819	0.824066	0.327048	0.00812942	0.00000296052
2.10843	0.828415	0.335289	0.00872963	0.00000344932
2.16867	0.832564	0.343451	0.00936848	0.00000401989
2.22892	0.836526	0.351533	0.0100484	0.00000468642
2.28916	0.840315	0.359536	0.0107722	0.00000546570
2.34940	0.843942	0.367459	0.0115425	0.00000637761
2.40964	0.847416	0.375304	0.0123625	0.00000744576
2.46988	0.850747	0.383070	0.0132354	0.00000869818
2.53012	0.853944	0.390758	0.0141645	0.0000101682
2.59036	0.857014	0.398367	0.0151537	0.0000118957
2.65060	0.859965	0.405898	0.0162068	0.0000139281
2.71084	0.862804	0.413352	0.0173280	0.0000163223
2.77108	0.865537	0.420729	0.0185218	0.0000191464
2.83133	0.868170	0.428029	0.0197929	0.0000224823
2.89157	0.870708	0.435252	0.0211465	0.0000264287
2.95181	0.873156	0.442399	0.0225880	0.0000311043
3.01205	0.875519	0.449470	0.0241232	0.0000366532
3.07229	0.877801	0.456466	0.0257584	0.0000432496
3.13253	0.880007	0.463387	0.0275001	0.0000511055
3.19277	0.882140	0.470233	0.0293553	0.0000604793
3.25301	0.884204	0.477005	0.0313317	0.0000716866
3.31325	0.886201	0.483703	0.0334372	0.0000851142
3.37349	0.888136	0.490328	0.0356804	0.000101238
3.43373	0.890010	0.496880	0.0380705	0.000120644
3.49398	0.891828	0.503359	0.0406170	0.000144059
3.55422	0.893590	0.509767	0.0433305	0.000172385
3.61446	0.895301	0.516103	0.0462219	0.000206746
3.67470	0.896961	0.522368	0.0493028	0.000248549
3.73494	0.898574	0.528563	0.0525858	0.000299565
3.79518	0.900141	0.534688	0.0560840	0.000362028
3.85542	0.901663	0.540744	0.0598115	0.000438774
3.91566	0.903144	0.546730	0.0637831	0.000533419
3.97590	0.904585	0.552648	0.0680144	0.000650602
4.03614	0.905987	0.558498	0.0725222	0.000796303
4.09639	0.907352	0.564281	0.0773238	0.000978289
4.15663	0.908680	0.569997	0.0824378	0.00120670
4.21687	0.909975	0.575647	0.0878835	0.00149489
4.27711	0.911237	0.581231	0.0936813	0.00186056
4.33735	0.912466	0.586749	0.0998523	0.00232737
4.39759	0.913666	0.592203	0.106419	0.00292728
4.45783	0.914835	0.597593	0.113404	0.00370380
4.51807	0.915976	0.602920	0.120832	0.00471687
4.57831	0.917090	0.608183	0.128727	0.00604999
4.63855	0.918178	0.613384	0.137114	0.00782093
4.69880	0.919240	0.618523	0.146020	0.0101981
4.75904	0.920277	0.623600	0.155470	0.0134261
4.81928	0.921290	0.628617	0.165491	0.0178654
4.87952	0.922281	0.633574	0.176109	0.0240569
4.93976	0.923249	0.638471	0.187351	0.0328268
5.00000	0.924196	0.643308	0.199241	0.0454598
5.06024	0.925122	0.648088	0.211804	0.0639871
5.12048	0.926028	0.652809	0.225064	0.0916584
5.18072	0.926915	0.657473	0.239040	0.133675
5.24096	0.927783	0.662080	0.253751	0.198140
5.30120	0.928632	0.666631	0.269213	0.296552
5.36145	0.929464	0.671125	0.285437	0.441029
5.42169	0.930279	0.675565	0.302431	0.631636
5.48193	0.931077	0.679950	0.320196	0.832117
5.54217	0.931859	0.684281	0.338730	0.969279
5.60241	0.932625	0.688559	0.358022	0.997122
5.66265	0.933376	0.692783	0.378054	0.941284
5.72289	0.934113	0.696955	0.398801	0.853989
5.78313	0.934835	0.701075	0.420229	0.768997
5.84337	0.935543	0.705144	0.442296	0.698847
5.90361	0.936238	0.709162	0.464948	0.645359
5.96386	0.936919	0.713130	0.488125	0.606715
6.02410	0.937588	0.717048	0.511755	0.580425
6.08434	0.938245	0.720916	0.535757	0.564287
6.14458	0.938889	0.724736	0.560043	0.556583
6.20482	0.939522	0.728508	0.584516	0.556033
6.26506	0.940143	0.732233	0.609071	0.561700
6.32530	0.940753	0.735910	0.633601	0.572890
6.38554	0.941352	0.739541	0.657991	0.589066
6.44578	0.941941	0.743125	0.682126	0.609782
6.50602	0.942520	0.746664	0.705892	0.634613
6.56627	0.943088	0.750158	0.729173	0.663110
6.62651	0.943647	0.753608	0.751860	0.694744
6.68675	0.944196	0.757013	0.773849	0.728873
6.74699	0.944736	0.760375	0.795041	0.764712
6.80723	0.945267	0.763694	0.815350	0.801332
6.86747	0.945790	0.766970	0.834697	0.837669
6.92771	0.946303	0.770204	0.853016	0.872575
6.98795	0.946808	0.773397	0.870254	0.904889
7.04819	0.947305	0.776549	0.886369	0.933531
7.10843	0.947795	0.779660	0.901334	0.957595
7.16867	0.948276	0.782730	0.915133	0.976439
7.22892	0.948749	0.785761	0.927762	0.989734
7.28916	0.949216	0.788753	0.939229	0.997486
7.34940	0.949675	0.791706	0.949552	1.00000
7.40964	0.950126	0.794621	0.958760	0.997826
7.46988	0.950571	0.797498	0.966887	0.991682
7.53012	0.951010	0.800338	0.973977	0.982369
7.59036	0.951441	0.803140	0.980077	0.970702
7.65060	0.951866	0.805906	0.985241	0.957450
7.71084	0.952285	0.808636	0.989523	0.943307
7.77108	0.952697	0.811331	0.992983	0.928865
7.83133	0.953104	0.813990	0.995678	0.914612
7.89157	0.953504	0.816614	0.997669	0.900935
7.95181	0.953899	0.819204	0.999015	0.888132
8.01205	0.954288	0.821760	0.999773	0.876418
8.07229	0.954671	0.824283	1.00000	0.865946
8.13253	0.955050	0.826772	0.999749	0.856813
8.19277	0.955422	0.829229	0.999072	0.849077
8.25301	0.955790	0.831653	0.998019	0.842759
8.31325	0.956152	0.834045	0.996635	0.837857
8.37349	0.956509	0.836406	0.994965	0.834349
8.43373	0.956862	0.838736	0.993048	0.832199
8.49398	0.957210	0.841034	0.990922	0.831356
8.55422	0.957553	0.843303	0.988621	0.831766
8.61446	0.957891	0.845541	0.986178	0.833362
8.67470	0.958225	0.847750	0.983622	0.836075
8.73494	0.958554	0.849930	0.980979	0.839828
8.79518	0.958879	0.852080	0.978273	0.844543
8.85542	0.959200	0.854202	0.975527	0.850132
8.91566	0.959517	0.856296	0.972759	0.856508
8.97590	0.959829	0.858362	0.969987	0.863577
9.03614	0.960138	0.860400	0.967228	0.871242
9.09639	0.960442	0.862412	0.964494	0.879401
9.15663	0.960743	0.864396	0.961799	0.887952
9.21687	0.961040	0.866354	0.959153	0.896787
9.27711	0.961333	0.868286	0.956566	0.905798
9.33735	0.961622	0.870192	0.954046	0.914877
9.39759	0.961908	0.872072	0.951600	0.923916
9.45783	0.962191	0.873928	0.949235	0.932808
9.51807	0.962469	0.875758	0.946955	0.941452
9.57831	0.962745	0.877564	0.944765	0.949751
9.63855	0.963017	0.879346	0.942668	0.957614
9.69880	0.963286	0.881104	0.940667	0.964959
9.75904	0.963552	0.882838	0.938765	0.971714
9.81928	0.963814	0.884549	0.936963	0.977818
9.87952	0.964073	0.886237	0.935263	0.983222
9.93976	0.964330	0.887902	0.933664	0.987889
10.0000	0.964583	0.889545	0.932168	0.991795
10.0602	0.964833	0.891165	0.930774	0.994931
10.1205	0.965081	0.892764	0.929482	0.997299
10.1807	0.965326	0.894341	0.928291	0.998912
10.2410	0.965567	0.895897	0.927200	0.999795
10.3012	0.965806	0.897432	0.926209	0.999984
10.3614	0.966043	0.898946	0.925315	0.999521
10.4217	0.966276	0.900439	0.924518	0.998457
10.4819	0.966507	0.901913	0.923815	0.996848
10.5422	0.966736	0.903366	0.923206	0.994754
10.6024	0.966962	0.904799	0.922687	0.992236
10.6627	0.967185	0.906214	0.922257	0.989358
10.7229	0.967406	0.907609	0.921914	0.986184
10.7831	0.967625	0.908985	0.921656	0.982776
10.8434	0.967841	0.910342	0.921479	0.979195
10.9036	0.968055	0.911680	0.921384	0.975499
10.9639	0.968266	0.913001	0.921365	0.971741
11.0241	0.968476	0.914304	0.921423	0.967975
11.0843	0.968683	0.915588	0.921553	0.964245
11.1446	0.968888	0.916855	0.921754	0.960595
11.2048	0.969090	0.918105	0.922023	0.957063
11.2651	0.969291	0.919338	0.922357	0.953683
11.3253	0.969489	0.920554	0.922755	0.950486
11.3855	0.969686	0.921753	0.923214	0.947498
11.4458	0.969880	0.922936	0.923731	0.944740
11.5060	0.970072	0.924103	0.924305	0.942230
11.5663	0.970263	0.925254	0.924931	0.939984
11.6265	0.970451	0.926388	0.925609	0.938013
11.6867	0.970638	0.927508	0.926336	0.936325
11.7470	0.970823	0.928611	0.927110	0.934926
11.8072	0.971005	0.929700	0.927927	0.933819
11.8675	0.971186	0.930774	0.928786	0.933003
11.9277	0.971366	0.931833	0.929685	0.932478
11.9880	0.971543	0.932877	0.930621	0.932240
12.0482	0.971719	0.933907	0.931592	0.932281
12.1084	0.971893	0.934922	0.932596	0.932595
12.1687	0.972065	0.935924	0.933631	0.933173
12.2289	0.972235	0.936912	0.934695	0.934004
12.2892	0.972404	0.937886	0.935784	0.935076
12.3494	0.972571	0.938846	0.936899	0.936375
12.4096	0.972737	0.939794	0.938035	0.937887
12.4699	0.972901	0.940728	0.939193	0.939597
12.5301	0.973064	0.941649	0.940368	0.941490
12.5904	0.973225	0.942557	0.941560	0.943547
12.6506	0.973384	0.943453	0.942768	0.945752
12.7108	0.973542	0.944336	0.943987	0.948086
12.7711	0.973699	0.945207	0.945219	0.950532
12.8313	0.973854	0.946066	0.946459	0.953070
12.8916	0.974007	0.946913	0.947707	0.955682
12.9518	0.974159	0.947748	0.948962	0.958349
13.0120	0.974310	0.948571	0.950220	0.961052
13.0723	0.974460	0.949383	0.951482	0.963773
13.1325	0.974608	0.950183	0.952745	0.966494
13.1928	0.974754	0.950972	0.954008	0.969196
13.2530	0.974900	0.951750	0.955270	0.971862
13.3133	0.975044	0.952518	0.956528	0.974476
13.3735	0.975186	0.953274	0.957783	0.977022
13.4337	0.975328	0.954020	0.959031	0.979486
13.4940	0.975468	0.954755	0.960274	0.981852
13.5542	0.975607	0.955480	0.961508	0.984109
13.6145	0.975745	0.956194	0.962733	0.986245
13.6747	0.975881	0.956899	0.963947	0.988249
13.7349	0.976017	0.957594	0.965151	0.990112
13.7952	0.976151	0.958278	0.966342	0.991827
13.8554	0.976284	0.958953	0.967520	0.993385
13.9157	0.976416	0.959619	0.968683	0.994783
13.9759	0.976546	0.960275	0.969832	0.996017
14.0361	0.976676	0.960922	0.970965	0.997084
14.0964	0.976805	0.961559	0.972080	0.997982
14.1566	0.976932	0.962188	0.973179	0.998713
14.2169	0.977058	0.962807	0.974259	0.999277
14.2771	0.977184	0.963418	0.975320	0.999676
14.3373	0.977308	0.964020	0.976362	0.999916
14.3976	0.977431	0.964613	0.977384	1.00000
14.4578	0.977553	0.965198	0.978385	0.999934
14.5181	0.977674	0.965775	0.979366	0.999724
14.5783	0.977794	0.966343	0.980324	0.999379
14.6386	0.977913	0.966903	0.981261	0.998905
14.6988	0.978031	0.967455	0.982175	0.998312
14.7590	0.978149	0.967999	0.983067	0.997609
14.8193	0.978265	0.968535	0.983935	0.996805
14.8795	0.978380	0.969063	0.984781	0.995910
14.9398	0.978494	0.969584	0.985602	0.994934
15.0000	0.978608	0.970097	0.986401	0.993888